13
23
25
26
44
45
38
2
21
34
40
43
45
13
22
30
31
39
43
49
3
15
29
35
47
48
49
10
15
22
23
36
40
42
20
2
6
8
28
31
37
48
1
3
13
15
22
43
46
12
22
30
32
42
49
8
1
13
15
32
41
47
11
12
18
25
28
30
36
48
3
10
31
32
44
47
41
4
11
13
16
32
46
9
8
14
24
26
45
46
42
4
12
17
19
24
44
20
3
7
22
27
44
49
13
1
6
21
35
37
46
33
5
6
7
25
28
35
8
3
12
20
39
40
47
18
7
16
17
28
37
48
14
3
8
11
21
24
31
25
3
9
21
30
36
46
2
1
10
16
23
38
49
25
8
15
22
26
34
45
32
10
23
28
35
39
46
6
10
14
33
37
39
45
28
13
21
24
25
26
41
11
4
14
17
25
29
49
36
13
16
25
41
45
46
20
7
11
17
21
41
43
30
2
9
19
27
33
37
21
1
8
16
24
38
43
15
2
4
8
17
22
40
6
8
10
18
26
42
47
49
10
19
20
22
26
46
4
7
16
20
29
33
42
39
27
29
31
44
46
49
42
6
19
24
34
43
46
21
3
11
19
26
43
49
37
1
5
14
23
40
45
16
13
15
27
29
38
45
40
8
15
21
22
39
43
44
1
8
11
12
22
46
35
4
9
13
18
34
47
3
1
18
28
42
43
48
45
4
8
9
15
22
31
13
3
5
13
23
24
48
10
5
20
23
36
42
44
47
2
4
12
18
28
43
38
7
22
29
34
38
41
35
10
12
16
18
32
44
22
2
9
33
34
37
49
29
14
18
24
37
43
45
8
3
10
12
29
45
47
26
1
2
25
33
36
40
7
2
6
29
30
31
44
40
4
15
31
42
43
47
39
3
20
36
41
43
47
9
8
10
15
36
39
44
9
1
6
13
25
34
43
42
16
17
20
33
39
49
7
2
3
9
27
28
38
15
2
15
17
27
41
48
38
21
24
27
32
34
38
41
24
27
32
38
46
49
11
20
25
28
33
40
49
1
2
7
16
18
24
45
36
3
5
12
16
30
45
49
7
14
15
16
17
38
44
12
28
29
34
41
47
16
12
19
26
28
46
49
41
8
13
19
34
37
47
29
6
11
30
34
43
45
2
7
10
16
21
27
35
22
5
8
13
20
21
46
31
21
22
40
41
42
46
9
15
20
36
38
41
46
10
5
12
15
21
30
39
6
7
13
35
39
41
45
1
12
14
23
32
35
38
13
5
6
11
16
22
37
44
6
16
26
32
39
47
23
13
16
19
32
38
43
20
12
20
33
39
42
48
49
4
6
23
26
29
30
36
2
12
18
27
36
49
6
1
7
10
28
31
44
9
14
15
28
31
40
42
44
1
4
10
22
24
45
47
5
9
10
12
39
44
14
3
12
15
22
34
45
2
1
20
22
23
24
31
2
5
7
30
42
47
49
17
19
37
38
45
47
49
25
1
8
25
32
45
46
44
19
22
24
28
29
42
40
8
13
24
30
40
44
45
1
9
20
27
37
49
33
4
11
15
25
41
48
14
1
19
22
27
37
44
25
1
4
19
35
37
45
49
10
23
29
33
37
43
8
9
13
14
16
18
28
10
1
11
17
28
32
35
44
15
28
31
32
44
49
18
5
6
10
22
23
40
38
7
21
27
30
32
34
39
1
8
10
31
32
38
39
2
4
11
13
28
38
49
4
13
26
31
33
35
29
3
6
18
20
26
35
34
8
11
17
21
30
44
48
3
8
11
20
44
49
32
6
12
20
33
46
47
49
4
7
12
13
21
35
29
3
9
13
23
24
44
7
1
21
35
39
44
45
42
4
5
16
18
24
34
27
6
26
27
37
40
43
49
5
18
19
23
40
49
20
1
17
30
31
42
43
46
7
16
33
37
42
43
48
6
12
22
23
40
49
25
1
7
12
26
28
32
21
6
20
27
32
40
44
4
1
3
16
20
35
41
5
1
10
39
43
45
48
14
23
27
31
34
43
48
1
5
7
12
35
48
49
2
7
8
20
31
35
41
3
7
18
22
36
44
45
30
7
15
22
24
26
37
9
3
20
27
34
35
46
37
4
18
24
40
43
47
48
7
22
23
25
42
43
18
5
23
24
27
44
49
26
10
15
16
24
45
47
19
10
26
27
36
37
43
42
1
27
28
39
40
49
33
10
14
28
30
35
40
6
5
8
14
26
30
44
47
20
28
33
38
40
44
49
9
35
41
42
43
44
29
3
6
10
16
33
49
1
9
10
15
30
38
48
2
6
25
26
41
42
44
37
5
19
30
33
37
42
38
1
15
31
32
33
44
20
3
4
6
10
19
42
34
19
23
24
27
36
37
17
5
18
24
37
38
49
35
5
17
26
27
31
48
4
1
3
9
39
40
47
29
10
21
28
31
37
38
6
2
20
25
29
32
49
36
15
24
33
34
36
40
18
3
17
19
23
32
38
7
12
16
23
26
33
44
10
1
7
22
33
40
48
10
3
8
30
34
39
46
44
1
21
26
38
44
45
17
4
10
21
33
42
44
19
3
5
9
14
23
26
20
18
19
23
24
38
45
27
7
9
15
20
23
40
2
8
14
20
28
29
36
18
4
5
9
17
31
34
8
14
31
32
33
38
47
45
1
12
17
21
24
44
23
7
8
10
14
17
28
45
5
12
15
30
38
43
33
5
16
23
24
28
45
40
1
9
15
22
24
42
10
7
14
23
31
39
41
33
1
7
21
26
30
39
40
14
15
18
19
30
44
6
3
7
9
24
36
38
43
11
18
23
31
32
33
49
7
12
18
29
32
37
44
5
6
11
36
41
46
8
2
4
5
16
39
47
24
6
18
32
33
34
45
8
4
6
12
20
31
35
47
15
17
18
35
41
42
3
2
19
22
29
36
43
5
2
15
18
36
42
49
26
3
17
22
32
38
48
41
8
10
16
17
20
43
32
10
14
23
25
35
46
39
4
23
27
43
48
49
47
7
8
9
14
28
35
4
9
11
15
17
25
40
5
10
11
15
21
29
44
26
14
15
20
23
30
35
39
4
16
17
20
22
44
38
2
12
20
35
37
44
17
2
5
12
24
25
29
3
12
15
19
28
35
43
44
12
19
26
41
46
47
35
8
13
17
27
33
40
38
11
12
20
28
30
38
27
5
6
7
13
25
37
30
21
24
40
42
44
48
1
3
6
8
11
36
48
1
1
4
6
15
40
44
37
9
13
18
20
34
40
36
10
23
25
28
46
49
36
9
10
25
27
34
42
29
8
9
11
24
26
47
34
4
6
9
18
27
39
33
6
16
25
32
35
37
22
8
9
12
17
33
39
48
8
11
15
17
19
35
45
2
12
23
33
35
37
43
12
21
23
25
32
44
42
3
5
8
19
26
47
41
1
7
9
12
32
36
17
4
5
8
12
27
42
14
5
8
13
16
35
47
2
32
34
40
45
46
47
25
5
11
19
21
22
37
26
4
8
15
31
36
39
47
5
8
27
33
35
41
30
6
21
29
45
47
48
15
10
17
22
23
27
33
34
7
13
14
33
37
48
24
1
7
8
11
36
40
31
2
3
25
33
35
49
10
2
5
8
27
35
48
29
1
7
11
22
30
45
48
3
12
22
23
34
42
49
1
2
20
27
36
44
17
9
11
14
22
26
35
20
8
12
13
30
37
46
36
3
19
25
33
40
44
37
3
36
37
44
48
49
35
10
12
27
37
39
46
13
2
8
11
19
41
49
27
11
25
28
30
34
36
24
9
10
11
13
20
25
15
14
27
28
31
46
48
7
1
10
14
40
41
48
30
2
3
7
12
21
34
41
7
10
14
15
39
44
1
7
10
11
21
26
48
13
5
16
27
34
41
42
49
4
31
36
40
45
48
26
13
16
17
20
27
38
26
1
3
9
19
36
39
5
2
11
13
15
28
45
36
15
21
27
36
39
43
45
9
11
19
22
36
45
23
4
16
27
32
44
47
9
12
15
16
23
25
46
47
2
10
13
32
41
43
24
1
19
24
26
37
41
22
6
15
19
26
30
48
41
1
2
15
30
35
46
38
5
9
29
41
42
43
28
9
19
20
29
36
43
38
10
28
35
39
41
43
44
1
3
10
15
32
40
7
18
24
34
38
43
48
8
4
19
25
31
34
37
32
4
12
13
20
35
36
18
1
20
23
24
40
42
48
5
18
27
28
29
37
21
6
22
34
35
37
43
33
8
10
12
16
21
48
41
1
22
26
38
39
48
40
3
20
36
38
43
48
16
3
9
17
38
39
41
13
23
37
42
43
47
49
34
4
11
14
23
28
47
24
1
7
17
29
30
43
31
7
12
13
19
42
46
29
10
30
35
39
42
49
18
8
19
27
33
37
47
18
2
15
19
40
47
48
27
1
3
18
34
36
49
16
4
11
14
22
29
47
6
12
14
30
37
38
40
42
11
37
39
41
42
46
43
10
32
35
36
46
49
40
11
24
26
29
42
47
25
7
19
26
31
34
40
6
17
19
23
30
42
45
13
5
7
19
23
44
48
45
8
12
15
17
32
46
20
10
15
16
21
24
49
2
6
9
23
34
42
49
22
